[ -24.76869273   55.39524936  -50.22308912   -9.57228715   92.21063398
  -49.66280448 -197.98163826  -40.08869743  150.78255973  -10.30072457
  -55.07060875   60.63356105    5.3194454    79.30273131 -206.28759285
   51.17309047  167.45051253 -270.49839354 -199.39025007  179.90040706
    9.15258458   90.58815568  374.08763067  128.05733663  -76.25038582
   91.06438809 -174.62489771 -174.63838452   13.47436742  -51.41350452
  138.54049218 -151.18296386 -138.31793922  -22.88221404    9.63678528
   86.33477633    3.41253856   43.07473362  151.48518419   98.80851839
   29.67548661   67.03552553  -69.53232235  -39.9786339   -99.85195247
   78.11021685   71.09439485  302.23593315 -107.92087433   46.45126059
   61.1157716  -158.27271604  -18.37511116 -179.30698556 -182.74277381
 -252.08446561  -93.78048524   77.47074015   46.59731347   74.35205214
    4.75942854 -111.51186265  -91.49142614  119.99406848 -287.45960242
   27.08462268   97.33611009   77.47971504 -148.74199123 -111.9072884
   26.86526692  146.51609693  134.7502344  -198.96326476  -18.63868608
  183.71852502 -212.16842256    3.81877776   61.45963881   68.13024436
  142.10109815   40.16364233   42.16167556 -300.42218205  107.76985016
  -81.66534623  -58.46831094   12.23260926   -7.56303519  -55.64002427
   67.49055607   71.84463698   47.90409677   83.16992541   52.2574384
  -13.49572516  140.35126954    4.19027332  216.33715135  -63.71424122
  -49.68996175 -158.89897315 -207.14615842  -93.39513104   77.32859346
 -232.45580426 -111.10407819   87.50508226   69.49699357 -175.48804921
 -254.98448236  171.94457178  117.03296534 -160.15534298   65.87522019
 -133.89900003  188.92208788  123.2643328    -6.90917445   87.0767695
 -138.2072944    76.16095814  -29.54907143  176.31396994   19.31860773
 -217.76920897 -153.06689675   28.43062923 -133.74263784   23.00079088
   16.26603405  -72.72098673  117.89563247  322.49738956    9.17214523
  148.52995507    2.8436935   -83.19056691   91.67935966   17.72889637
  142.55645659  -18.52072828  -33.23231678  -49.57035545   89.63720891
   25.26404406   64.42411059   -3.5074816    65.06530285  194.19396052
   20.808262     14.41670153  151.62767637 -136.75577541   37.89257137
   74.27246523 -111.56403367    7.82910919    2.11085118 -174.88393887
   74.90677698    7.50489548  -59.19514231  107.44738644   71.78714709
 -260.49861476   45.67846049  -38.19403378   37.36714375   98.74627042
 -101.65497315  -91.49814986  222.30580975  -40.59114608   28.11920398
   25.25651174  160.21727958  -95.24425165 -101.18372927  167.1419318
  -95.95786071  221.40611451   68.54183713  264.67806901   17.5108234
 -120.95105737  -16.08355244   75.12877857  -76.47746438  -95.53461705
   98.38173501  -54.83411854 -167.70689624  -26.83745376  178.71163687
   73.34022421   49.36179253 -228.56952848    3.08358619 -114.22307161
   19.5477476   -34.16350281  127.95617869   62.82679795   42.57575005
  -54.66054334  155.0683048   246.53312091  151.60505297  -92.9412759
  341.76975483   18.44854782  214.32872278 -144.26266097   82.48074816
   11.55119583   74.62895505   96.75165377 -219.11794196  132.91064347
   77.65533162 -160.13202893  -48.31735747   93.9944258    48.97912275
  -10.26785967  -40.80278767   19.36198414  166.32778895 -166.98269866
  -18.76403677  -63.45577131 -202.7022247   -57.76278099  -23.51544957
 -130.43163977  -36.96186051  -40.30220112  -55.82333112  153.29446684
   87.57043615 -178.20189538  131.79358807  -37.75829262  -65.62480705
  122.4494438  -305.51945472 -105.38320347   13.7255632    96.49809445
 -306.34532539   32.60044141  101.68821166  -71.13621463 -267.74035825
  151.34252057   49.21539501 -125.09701926  163.12133568 -225.83087741
  -19.90676133   23.10406502   58.59356489  161.19680742  -13.63576219
 -195.56944605 -165.43487462  -57.64596353   26.49004274 -121.66742525
    2.77585305  119.97550729   17.06941383   23.30033165  -42.02561027
  -89.89645313  -76.10784189  -98.33341979   -5.79188337  141.82220022
  -77.77344849  -94.59943432 -238.64343863  -48.99059221  -53.50179136
   75.16614949  -47.00135751   -5.84100925  -81.91430318  -62.45304039
  -18.40191819  106.06871228  154.43294511  156.84669247 -164.84584551
  -25.28786598   30.92852203 -158.10713138 -258.70007216  -30.97914079]