[ -22.87352643   48.16130606  -50.63628174   -9.10932117   81.54246346
  -41.43193632 -164.52504975  -36.78168159  132.03144572  -15.0697153
  -44.69533406   54.82504902   13.78579807   69.91197635 -176.29780823
   37.99106257  146.06312553 -220.69619123 -164.09687123  155.76533587
   10.08698251   83.4946588   312.73833176  114.35155011  -61.9529042
   74.49360773 -143.35246721 -151.79835739   21.95948523  -46.8826101
  119.85836702 -125.08743748 -119.37691983  -24.16797383   15.91447893
   72.76196288    0.73722066   29.44452499  130.61242535   73.55093752
   22.71916419   55.53000668  -59.28397941  -32.89879301  -88.12536057
   68.61627557   55.84964014  260.02683938  -91.44639766   41.04654011
   48.50587195 -135.84672021   -9.09220279 -151.38889472 -157.77205517
 -214.65630374  -84.25078444   69.55382633   37.69709509   61.56207786
   11.20140807  -97.00937006  -88.14259731  100.90554239 -250.05261866
   20.57633782   84.8578789    66.32871314 -124.65659928  -87.64096244
   23.47336063  113.69656252  117.33402501 -165.74338964  -14.88089731
  151.94102659 -182.24424315   -2.14656748   49.28849549   45.55724596
  122.13288397   23.10608449   32.79271172 -258.88493659   81.34406551
  -67.94848801  -48.98700207    4.7615995    -8.39187641  -39.81720281
   55.7611888    60.33925108   44.35558637   70.23502837   41.33828078
  -10.02835052  124.96279723    1.50044791  192.17192675  -60.30645092
  -56.24255977 -126.09982286 -173.13670671  -81.44993717   73.48679252
 -198.33316589  -87.34977982   70.00363172   64.05469764 -145.65341156
 -215.58224127  139.51012287  100.28901245 -131.97097341   58.32071977
 -118.38561489  165.85035103  108.07985693   -6.19400775   77.28814282
 -109.5360123    59.71757845  -33.21542226  156.23477727   18.67118529
 -186.60327927 -127.20159886   17.6527441  -115.37119462   17.40676541
    5.27787476  -62.80787038   96.58860145  270.13714516   -1.00448022
  127.84518453   -4.88770891  -76.77966864   78.63295252   18.27507211
  120.22872383  -18.88523465  -35.4927134   -41.3012703    75.2509856
   17.10278928   61.92072223   -2.48404058   58.99477046  165.55613384
   26.61219918   11.15416028  132.59868226 -115.55412746   32.27353689
   62.98017195  -86.75578929   11.32384764    1.7599151  -146.88787464
   58.80583482    8.12938664  -49.06032646   82.97497342   67.91270784
 -222.18137874   33.82828184  -32.67068483   32.12124054   84.82528393
  -88.47414363  -83.81633053  179.49384414  -22.32661441   31.90224656
   24.52355418  131.43777618  -86.57534708  -81.34347422  141.40468753
  -85.23365591  182.51906309   57.42885994  224.17507784    8.43202242
  -99.32974853   -4.95983627   57.61143408  -62.14026191  -77.88699346
   83.14549938  -40.72323251 -142.35748214  -17.57151874  140.71007629
   63.0613435    38.35064464 -191.9697112     1.80779499  -99.33028094
   12.95868301  -24.30807601  105.31618192   37.85519598   41.98102475
  -53.07815483  132.01840031  209.64175964  120.34684721  -82.53290414
  290.86009264   17.1168691   175.50647423 -119.56578166   73.75772738
   14.46468843   60.01738247   82.01883503 -186.06596468  102.33286716
   65.43916953 -130.86636411  -49.80589909   80.91290991   32.63996698
  -13.80137331  -39.53662504   17.56982409  145.3245593  -142.05748938
  -19.08947265  -65.35846688 -181.27818013  -48.77854818  -22.17970108
 -106.68309664  -26.41709934  -35.18463861  -49.85736578  129.86434255
   75.22482909 -151.34980948  114.17868446  -40.41577074  -58.34176833
  105.04876542 -266.10249802  -80.69959855    2.79151747   76.3314343
 -260.75623875   31.16905081   85.96699909  -66.7839284  -230.23302209
  129.43112703   44.530193   -107.9564917   140.27530604 -197.23543388
  -11.16330874   12.78833532   50.8616066   136.62608253  -15.30272454
 -162.67294603 -133.21066434  -43.3895863    22.04119036 -101.84845619
    2.44667953  100.79345183    5.66957879   26.40280973  -37.80978917
  -77.48441967  -62.98687647  -80.2728606     2.21268185  117.60599263
  -70.98606198  -83.74408778 -199.70286697  -42.45179149  -39.11962007
   68.22693006  -37.14054824   -4.23474746  -65.98358135  -52.64239525
  -15.94088804   91.06735745  136.21717633  131.94813043 -132.11143431
  -19.06553125   26.06138948 -136.89787022 -217.75323714  -32.99214528]