[ -17.76392017   56.1424475   -47.89081403  -20.04626564   85.88857538
  -39.73156291 -162.11744327  -31.97452388  117.65003475  -10.1392794
  -43.10818484   56.55365165   20.0838168    73.48003404 -171.89681549
   48.80508115  140.68738709 -227.36056036 -170.36197302  147.4152743
    7.48706718   74.3047323   315.54828147  111.63730375  -60.06863496
   77.13552104 -153.36958577 -136.08433943   13.24954121  -44.74491393
  111.64996789 -126.79510181 -120.92272977  -15.44789103    7.13376036
   74.22507132   -1.3771013    35.44517826  122.78513411   75.90066513
   25.46770134   59.87814351  -55.88302392  -33.16533137  -77.7373639
   59.49807199   58.13934937  255.72770183  -91.10405813   37.03921032
   46.11962995 -140.68905302  -11.47175982 -146.89194442 -158.69411183
 -218.26927816  -79.52945027   64.97455082   36.35944264   62.79648151
   -1.48961612  -84.61831184  -77.67877755  106.77197818 -242.39201577
   21.58133583   82.69271831   67.52948656 -132.09660247 -101.81173974
   24.81152136  129.03273877  117.73862894 -169.76447095  -15.2380221
  154.26416626 -175.22185815   -1.2729966    52.95900124   50.44273734
  117.31358348   35.68182178   39.75977421 -256.98322662   88.8411333
  -62.68704293  -42.99223127   12.64012736   -9.17187372  -39.24644515
   56.89458478   57.61848299   35.59748448   61.26457854   39.17383
  -14.26993809  117.42019171   -3.47065617  188.07821169  -61.18765117
  -42.13244677 -132.74774179 -177.17353163  -67.68998761   58.51681359
 -200.29429521  -96.42469676   73.75242426   60.4971908  -152.73949767
 -210.42177606  148.14974843   94.84889524 -139.47063416   57.51557859
 -116.92962845  159.99174475  105.54706056   -6.6394997    73.14175754
 -105.8554786    68.8943377   -23.37587244  157.29685456   17.18577827
 -185.09843203 -122.78869541   25.55502655 -111.77830858   16.73098169
    7.44152373  -65.08414275   91.14072796  267.01701499   11.06753189
  121.4263609   -11.06048483  -72.76863913   69.7303387    21.14537408
  115.62619145  -19.76522874  -25.23747921  -46.48192129   66.48231116
   15.39770512   57.38047137   -6.67903819   56.4696793   160.26797932
   23.68880926    6.04615281  126.47443467 -110.65856484   37.69961251
   60.47977221  -88.89580802   13.09991734    0.41675043 -151.50203974
   68.62093917    2.85000236  -43.29815666   94.09240812   65.26572777
 -226.56224639   34.0059956   -34.78683714   30.43555732   84.35226564
  -82.35974336  -68.49977886  179.53627192  -27.20005804   26.31592374
   16.52515664  136.36820871  -79.29401824  -83.33430027  139.12178213
  -81.12402425  185.92439836   67.47693285  226.21135812    1.12229856
 -105.47159715  -13.06632738   69.1401089   -61.16323187  -81.71306134
   90.36964556  -40.84635201 -142.85392988  -25.81353198  148.4632698
   66.2649591    45.11303091 -184.51267065    5.60205344  -99.78566095
   13.9086107   -29.25648318  112.42908307   55.00393422   39.84926413
  -47.75876711  123.41787115  205.37617971  124.45148836  -80.33484384
  292.34451302   17.53178192  174.03635511 -119.65372024   72.08143789
   11.20596682   67.38497636   76.88627328 -195.2781882   113.05253741
   65.97078071 -135.03985943  -44.36503524   82.02196543   35.12227757
   -6.47221355  -35.24653768   14.28304082  139.6964305  -135.3439919
  -17.84651305  -59.05102118 -174.00988984  -40.94330884  -19.43087131
 -113.81417645  -27.70589218  -33.37278002  -50.48413756  122.68083603
   70.875271   -154.7260122   113.84246343  -24.59003266  -53.81935079
  105.86498788 -253.65274132  -82.64324171    6.14996261   91.24814235
 -253.89944287   30.10995742   92.82710192  -65.27752706 -227.51151649
  131.82054701   41.53897923 -100.9687604   137.43158601 -196.0073997
  -12.58723552   10.6843086    49.24363779  138.65140299  -16.02339985
 -163.40485963 -141.04315577  -60.09074945   21.50593895  -93.13766553
    4.99497895  105.31736461   20.69068404   24.32534012  -40.36410093
  -75.96955866  -63.35200811  -85.02522131    0.96301295  126.88758285
  -59.95907867  -77.40563856 -200.64207795  -39.92102956  -41.29021132
   66.89759474  -43.4965095    -0.38373038  -65.83886015  -50.93911626
  -21.45957617   82.73726181  122.76659795  140.52844202 -146.42455688
  -22.23020902   29.1174696  -138.75770603 -212.27897835  -27.07524746]