[-2.98294220e+01  6.41102981e+01 -4.99365142e+01 -2.51496458e+01
  1.02051598e+02 -4.63085050e+01 -1.85270691e+02 -3.95456066e+01
  1.45971700e+02 -2.29855009e+01 -3.93056975e+01  6.95698222e+01
  2.15532005e+01  8.47847773e+01 -1.95389120e+02  4.45489746e+01
  1.62243466e+02 -2.57811135e+02 -1.86116557e+02  1.77815199e+02
  2.01258544e+00  8.18701469e+01  3.52739165e+02  1.29084294e+02
 -6.63295195e+01  8.56170792e+01 -1.78024566e+02 -1.63232575e+02
  2.18941107e+01 -5.25979062e+01  1.13139336e+02 -1.42368585e+02
 -1.38544384e+02 -1.99565486e+01  1.54656497e+01  7.12093029e+01
 -2.85709241e+00  3.50370787e+01  1.42304753e+02  8.97365572e+01
  3.29199626e+01  7.25416213e+01 -6.11135680e+01 -4.66893298e+01
 -8.71712457e+01  7.41999299e+01  7.26528689e+01  2.97558737e+02
 -1.03403648e+02  4.21112029e+01  5.10778935e+01 -1.59861209e+02
 -8.29305041e+00 -1.75445567e+02 -1.86112620e+02 -2.45354239e+02
 -8.70301278e+01  8.11970292e+01  3.50469240e+01  6.74435972e+01
  2.82368686e+00 -8.90802325e+01 -9.72500134e+01  1.09825594e+02
 -2.81177327e+02  2.06140485e+01  9.20924652e+01  7.84053776e+01
 -1.55419352e+02 -1.11990440e+02  3.16719814e+01  1.36013104e+02
  1.29071523e+02 -1.96690562e+02 -1.18992824e+01  1.74528009e+02
 -2.12647043e+02 -7.01375184e-01  6.49249275e+01  5.97341210e+01
  1.38886990e+02  3.42252582e+01  4.68403556e+01 -2.90265069e+02
  9.86822365e+01 -7.25692852e+01 -4.89313292e+01  9.79101071e+00
 -1.19278181e+01 -4.31762033e+01  6.76510767e+01  7.19762347e+01
  5.14214976e+01  7.29325207e+01  4.73396729e+01 -1.51323040e+01
  1.42426853e+02 -9.10626576e+00  2.17357086e+02 -7.40015789e+01
 -4.78885448e+01 -1.42678636e+02 -2.02948787e+02 -7.47314041e+01
  7.32596323e+01 -2.33556088e+02 -1.18447558e+02  8.83395685e+01
  6.80423872e+01 -1.73231160e+02 -2.35543794e+02  1.64655015e+02
  1.11458745e+02 -1.60069209e+02  7.50795833e+01 -1.27864601e+02
  1.76447495e+02  1.18439320e+02 -1.57587667e+00  9.11295863e+01
 -1.14167477e+02  6.93561464e+01 -2.70376354e+01  1.68523800e+02
  2.62027321e+01 -2.16135276e+02 -1.35906498e+02  3.14343020e+01
 -1.26439758e+02  2.65425754e+01  9.62801235e+00 -7.53488457e+01
  1.04137800e+02  3.09371090e+02  1.48035870e+01  1.38891320e+02
 -2.22759957e+01 -8.50842579e+01  9.14274562e+01  2.38107954e+01
  1.39868256e+02 -1.80794089e+01 -3.42851303e+01 -5.16748846e+01
  8.04105811e+01  1.51686387e+01  7.47398541e+01 -2.42213177e-01
  6.59690906e+01  1.77945843e+02  1.96665303e+01  1.11866411e+01
  1.31849702e+02 -1.28816239e+02  4.18820545e+01  7.45027135e+01
 -1.00389624e+02  1.79797378e+01  1.42575161e+00 -1.76330343e+02
  7.49525063e+01  1.67406972e+01 -4.45138604e+01  1.06800333e+02
  7.53558054e+01 -2.40802195e+02  4.50035482e+01 -3.69097153e+01
  3.44416338e+01  1.00350908e+02 -1.00774303e+02 -9.21963676e+01
  2.02178664e+02 -3.10480978e+01  2.87899697e+01  2.67397382e+01
  1.44545278e+02 -8.14482629e+01 -8.24916920e+01  1.64560508e+02
 -9.60506346e+01  2.06625122e+02  7.27862918e+01  2.60090109e+02
 -6.12254725e+00 -1.24265544e+02 -9.08873739e+00  7.94118735e+01
 -7.57394203e+01 -8.74828816e+01  1.05754074e+02 -4.79850809e+01
 -1.62534582e+02 -3.26099511e+01  1.67037737e+02  7.55755670e+01
  5.27465248e+01 -2.13218121e+02  1.25898446e+01 -1.12283958e+02
  1.34185719e+01 -2.66383157e+01  1.23493885e+02  5.40183907e+01
  3.46663241e+01 -5.04786208e+01  1.46756995e+02  2.36116615e+02
  1.35330825e+02 -9.33032315e+01  3.35505026e+02  1.12192987e+01
  2.10441667e+02 -1.30700437e+02  7.87386295e+01  1.03032012e+01
  8.11964608e+01  8.20795474e+01 -2.12859833e+02  1.19221460e+02
  7.80604661e+01 -1.52916343e+02 -5.39034795e+01  9.46584154e+01
  4.31939286e+01 -6.21709060e+00 -3.91406375e+01  1.44065812e+01
  1.65440415e+02 -1.58291018e+02 -2.16474316e+01 -6.83902858e+01
 -1.93909876e+02 -4.67006896e+01 -2.58039912e+01 -1.29122833e+02
 -3.25247391e+01 -3.99842134e+01 -5.38330062e+01  1.44168998e+02
  7.98414417e+01 -1.82958730e+02  1.27942885e+02 -3.03053259e+01
 -5.74757392e+01  1.20199520e+02 -2.94668173e+02 -9.06025617e+01
 -3.87699773e+00  9.84228040e+01 -2.86027918e+02  3.35858577e+01
  1.05640964e+02 -8.00598161e+01 -2.58919957e+02  1.46955977e+02
  4.40544506e+01 -1.20867932e+02  1.55559032e+02 -2.23568420e+02
 -1.66394759e+01  1.34206829e+01  5.09720245e+01  1.56462671e+02
 -1.69299875e+01 -1.82701477e+02 -1.57054993e+02 -5.99251926e+01
  3.25940874e+01 -1.14149587e+02  5.53316014e+00  1.16583021e+02
  1.38491356e+01  3.67353458e+01 -4.41271699e+01 -9.34696398e+01
 -6.35052732e+01 -9.88718460e+01 -2.59012509e+00  1.43713648e+02
 -7.36670377e+01 -8.94817846e+01 -2.22212239e+02 -4.46225986e+01
 -3.89523185e+01  7.03388984e+01 -4.24523972e+01 -2.22844028e+00
 -7.98734280e+01 -6.01147642e+01 -1.75727379e+01  9.04310085e+01
  1.41439750e+02  1.54858153e+02 -1.57682762e+02 -2.24104585e+01
  3.30546332e+01 -1.57874161e+02 -2.50056993e+02 -3.34154025e+01]