[ -58.61945782   94.36655401  -75.1076305   -64.0700556   186.18337875
  -77.58108359 -299.25866782  -78.74616692  248.0077376   -71.5686576
  -41.09883993  126.11188261   41.11355409  147.53836058 -336.05764685
   59.38387818  269.48103178 -448.86634133 -300.44513893  294.94614018
   11.25231652  134.75609179  574.66651511  208.37314165 -105.43091394
  139.52173073 -317.11228246 -280.91556173   37.57689741  -95.10918654
  160.4751347  -221.97126627 -229.44413892  -23.80440293   18.50933617
  113.27632263  -12.14721741   60.99130581  240.19967125  162.32313781
   76.90257269  116.4197669   -89.28990347  -98.26756215 -138.72462153
  116.67821448  126.84649649  503.13253718 -166.72739464   62.93828206
   73.83051532 -277.75498604   -6.33538321 -298.5260679  -317.11302673
 -422.26376495 -120.21277502  142.18631886   44.84048641  103.89235093
    8.44648131 -136.33522796 -169.00775207  168.19956549 -462.32771288
   30.4800236   137.15447444  128.38524974 -276.06246646 -200.91281859
   64.33218384  230.86698089  197.80867863 -327.4891396   -18.97688505
  290.93348342 -367.01383181  -14.16005406  122.82914108  100.70214304
  237.2691813    62.02260679  101.01258881 -482.66062722  159.56782171
 -113.95654767  -77.43462038    9.91048155  -31.13894306  -74.97793277
  116.5197477   135.37656795   96.39261662  119.2500106    84.2890008
  -32.41805154  239.67189523  -27.95079812  363.6859662  -135.26515162
  -80.52527293 -232.85005881 -345.30140558 -113.9105625   126.56773757
 -381.58525014 -219.78244781  140.26892667  108.48233075 -285.11984395
 -384.90605625  275.62781565  191.0709471  -284.40567229  134.49446875
 -210.28862204  278.65006596  195.73659894   10.72871535  155.98928458
 -184.07804788  109.27234561  -50.04394581  267.36326928   48.69478129
 -375.66024981 -226.93916103   48.69555789 -195.65045737   44.21900026
   12.39833686 -128.13371746  160.56720076  520.4947333    34.78976549
  214.31346034  -65.00843495 -148.98262178  159.54782132   36.95267026
  247.00993902  -28.99606091  -72.31269587  -84.04372924  132.72663224
   16.92443897  131.40046511   -5.73398339  123.08309876  301.13400787
   18.27457308   23.60871542  195.85871553 -229.93270639   61.3474096
  127.30677361 -166.89071297   30.31162271   -1.18713056 -289.95220241
  127.96816446   56.39397111  -68.79126449  175.72936575  135.44922295
 -377.97952233   77.10061202  -62.23921245   60.90975414  182.43609078
 -185.10647177 -162.39796087  339.48478855  -49.23080823   52.49179688
   70.29646639  233.97274577 -131.32536621 -126.5120341   276.34625272
 -157.20758835  344.20073295  109.90617507  434.06494373  -24.73997048
 -213.80432972   -7.96926927  144.78228109 -131.5073661  -137.54437889
  184.28370283  -88.502342   -281.65693587  -60.67628339  282.42234849
  140.02717078  102.31218912 -367.60391999    9.24941644 -189.88152865
   16.47963824  -53.5716827   203.28810977   74.27200271   29.69527426
  -78.75316782  240.98362813  397.15647949  200.85598021 -158.77940632
  558.81978178    1.09504481  362.6051614  -203.31731717  132.94426227
    5.42762448  161.27861145  126.10355033 -340.21980465  186.84302151
  137.26983853 -245.77652415  -92.23522444  160.61698093   86.57020285
   -3.98937875  -66.78012699   25.02475302  280.95275928 -264.99719788
  -37.9222603  -107.71776218 -321.64278015  -54.47996957  -39.17073405
 -222.55576029  -53.19156266  -66.57205329  -81.16704942  239.17314324
  132.43712636 -328.04293379  214.43014647  -66.4117421   -81.81893734
  206.50162345 -493.73701825 -148.03972018  -25.76367207  167.21153195
 -479.46979662   52.13623992  187.3872834  -136.89017439 -426.59881142
  237.67599062   70.84084761 -195.61979583  255.0322628  -373.70200387
  -43.64229001   24.40025983   68.2645587   260.11441038  -35.19598258
 -300.49346103 -249.51848055 -110.07580573   72.41526529 -190.18642945
   11.34572604  185.52442127   15.29727277   57.29707745  -79.87784852
 -154.31099246 -109.45058703 -164.99237242  -11.36612161  247.72306797
 -127.58549019 -146.95515546 -363.60410698  -84.49875943  -51.71887795
  108.97346483  -53.48832327   -1.04211337 -127.40852543 -104.34250738
  -19.53963047  137.58369419  232.79360988  243.15845526 -267.79213802
  -29.43488299   64.78738308 -280.12863862 -427.04423526  -67.10873489]